========================================================================
ex96_G3_wide_scan.py — Prawdziwe α*₃ z oknami FAR (O-L5, v38)
========================================================================
  R_MAX     = 150
  R21=206.7671, R31=3477.2211, R32=16.8171
  PHI=1.618034, PHI²=2.618034
  FIT_WINS_FAR = [(60, 76), (70, 86), (80, 96), (90, 106), (100, 116), (110, 126), (120, 136)]
  Okna FAR: tylko [60,136] — eliminacja near-field bias

========================================================================
FAZA 1: Coarse skan α∈[2.5, 5.0], krok=0.05 (FAR okna)
========================================================================
  51 punktów, 6 rdzeni...
  Wyniki: 51/51

        α |       z₀ |     F_far |     G3_far |      G3-R31 |     F-R21
  ------------------------------------------------------------------------
    2.500 |  1.26013 |  198.1274 |  4667.4489 |  +1190.2277 |   -8.6397
    2.550 |  1.26118 |  196.8812 |  4749.8286 |  +1272.6074 |   -9.8859
    2.600 |  1.26200 |  197.5280 |  4846.5623 |  +1369.3411 |   -9.2392
    2.650 |  1.26266 |  199.5278 |  4947.4863 |  +1470.2651 |   -7.2394
    2.700 |  1.26309 |  202.7239 |  4961.6405 |  +1484.4193 |   -4.0433
    2.750 |  1.26334 |  206.4832 |  5026.6699 |  +1549.4487 |   -0.2839
    2.800 |  1.26349 |  210.7256 |  5142.8438 |  +1665.6227 |   +3.9585
    2.850 |  1.26345 |  215.7220 |  5281.9020 |  +1804.6808 |   +8.9549
    2.900 |  1.26329 |  221.2032 |  5443.2673 |  +1966.0462 |  +14.4361
    2.950 |  1.26302 |  227.0713 |  5623.1846 |  +2145.9635 |  +20.3041
    3.000 |  1.26270 |  233.1767 |  5818.8160 |  +2341.5949 |  +26.4096
    3.050 |  1.26224 |  239.7621 |  6019.4428 |  +2542.2217 |  +32.9950
    3.100 |  1.26170 |  246.5885 |  6218.4972 |  +2741.2760 |  +39.8214
    3.150 |  1.26113 |  253.5150 |  6363.7795 |  +2886.5583 |  +46.7479
    3.200 |  1.26045 |  260.7823 |  6546.8324 |  +3069.6112 |  +54.0152
    3.250 |  1.25972 |  268.1603 |  6750.4959 |  +3273.2748 |  +61.3932
    3.300 |  1.25892 |  275.6865 |  6957.6875 |  +3480.4663 |  +68.9193
    3.350 |  1.25814 |  283.0949 |  7180.2948 |  +3703.0737 |  +76.3278
    3.400 |  1.25725 |  290.3850 |  7423.5119 |  +3946.2908 |  +83.6179
    3.450 |  1.25633 |  297.7513 |  7694.4543 |  +4217.2332 |  +90.9842
    3.500 |  1.25543 |  304.6869 |  7934.5036 |  +4457.2824 |  +97.9198
    3.550 |  1.25444 |  305.4430 |  8165.0948 |  +4687.8736 |  +98.6759
    3.600 |  1.25343 |  309.3041 |  8374.2050 |  +4896.9838 | +102.5369
    3.650 |  1.25239 |  315.5408 |  8672.9302 |  +5195.7090 | +108.7736
    3.700 |  1.25138 |  322.8619 |  9011.8175 |  +5534.5964 | +116.0948
    3.750 |  1.25030 |  331.4507 |  9343.5213 |  +5866.3001 | +124.6836
    3.800 |  1.24920 |  340.8505 |  9687.4735 |  +6210.2524 | +134.0834
    3.850 |  1.24809 |  350.8512 | 10042.8104 |  +6565.5893 | +144.0841
    3.900 |  1.24701 |  361.2873 | 10384.9433 |  +6907.7221 | +154.5202
    3.950 |  1.24587 |  372.4610 |  9569.0970 |  +6091.8758 | +165.6938
    4.000 |  1.24472 |  384.0930 |  9907.4447 |  +6430.2236 | +177.3259
    4.050 |  1.24357 |  395.9662 | 11505.8862 |  +8028.6650 | +189.1991
    4.100 |  1.24246 |  408.0429 | 11761.9135 |  +8284.6924 | +201.2758
    4.150 |  1.24129 |  420.8334 | 12195.7613 |  +8718.5402 | +214.0663
    4.200 |  1.24011 |  433.9737 | 12729.6551 |  +9252.4339 | +227.2066
    4.250 |  1.23894 |  447.4623 | 13256.1162 |  +9778.8950 | +240.6952
    4.300 |  1.23781 |  461.1756 | 17385.5395 | +13908.3184 | +254.4085
    4.350 |  1.23662 |  474.9346 | 19185.7414 | +15708.5202 | +268.1674
    4.400 |  1.23544 |  489.7047 | 20920.9034 | +17443.6822 | +282.9376
    4.450 |  1.23426 |  504.8056 | 21407.1070 | +17929.8858 | +298.0385
    4.500 |  1.23313 |  519.6161 | 21023.4183 | +17546.1972 | +312.8490
    4.550 |  1.23194 |  534.7877 | 20212.6374 | +16735.4163 | +328.0206
    4.600 |  1.23076 |  549.8810 | 19060.9898 | +15583.7687 | +343.1139
    4.650 |  1.22964 |  555.7636 | 17734.1538 | +14256.9327 | +348.9964
    4.700 |  1.22846 |  568.5702 | 16367.1901 | +12889.9690 | +361.8031
    4.750 |  1.22729 |  583.5468 | 15379.4317 | +11902.2105 | +376.7797
    4.800 |  1.22614 |  599.7356 | 13810.8427 | +10333.6216 | +392.9685
    4.850 |  1.22500 |  616.7331 | 12819.9693 |  +9342.7482 | +409.9660
    4.900 |  1.22384 |  634.7834 | 12607.0857 |  +9129.8645 | +428.0163
    4.950 |  1.22269 |  653.4779 | 12695.9643 |  +9218.7431 | +446.7108
    5.000 |  1.22159 |  671.8053 | 13177.3575 |  +9700.1364 | +465.0382

  Zmiany znaku G₃−R₃₁: []
  Zmiany znaku F−R₂₁:  [(np.float64(2.749999999999999), np.float64(2.799999999999999))]

========================================================================
FAZA 2: brentq α*₃ dla G₃=R₃₁ (FAR okna)
========================================================================
  ⚠ Brak zmiany znaku G₃−R₃₁ na [2.5, 5.0] przy oknach FAR!
  → Prawdziwe α*₃ może leżeć poza skanowanym zakresem.
  G₃−R₃₁ na krańcach: α=2.50: +1190.2, α=5.00: +9700.1
  Min G₃_far = 4667.4489 przy α=2.500 (G₃−R₃₁=+1190.2277)

========================================================================
FAZA 3: Dense skan w rejonach interesujących (krok=0.005)
========================================================================
  Brak bliskich regionów — dense skan wokół minimum |G₃−R₃₁|: α=2.500

  Dense skan α∈[2.400,2.600], krok=0.005, 41 punktów...
  Wyniki: 41/41

        α |       z₀ |     F_far |     G3_far |      G3-R31
  --------------------------------------------------------
   2.4000 |  1.25720 |  216.7646 |  4534.8556 |  +1057.6345
   2.4050 |  1.25738 |  216.2228 |  4542.4229 |  +1065.2018
   2.4100 |  1.25755 |  215.6921 |  4548.5857 |  +1071.3646
   2.4150 |  1.25767 |  215.2486 |  4558.5459 |  +1081.3248
   2.4200 |  1.25784 |  214.6258 |  4564.2929 |  +1087.0718
   2.4250 |  1.25801 |  211.1634 |  4572.7515 |  +1095.5304
   2.4300 |  1.25818 |  208.7377 |  4578.8482 |  +1101.6271
   2.4350 |  1.25834 |  207.0646 |  4586.3829 |  +1109.1618
   2.4400 |  1.25850 |  205.7234 |  4593.7720 |  +1116.5509
   2.4450 |  1.25865 |  204.6021 |  4597.2013 |  +1119.9802
   2.4500 |  1.25881 |  203.6319 |  4603.0480 |  +1125.8269
   2.4550 |  1.25896 |  202.7304 |  4609.1043 |  +1131.8831
   2.4600 |  1.25911 |  201.9590 |  4612.9855 |  +1135.7644
   2.4650 |  1.25924 |  201.2823 |  4620.1548 |  +1142.9337
   2.4700 |  1.25939 |  200.6698 |  4626.7471 |  +1149.5260
   2.4750 |  1.25947 |  200.2261 |  4634.5955 |  +1157.3744
   2.4800 |  1.25961 |  199.7127 |  4641.4479 |  +1164.2268
   2.4850 |  1.25974 |  199.2721 |  4648.3263 |  +1171.1052
   2.4900 |  1.25987 |  198.8366 |  4654.0352 |  +1176.8140
   2.4950 |  1.26000 |  198.4549 |  4661.4085 |  +1184.1873
   2.5000 |  1.26013 |  198.1274 |  4667.4487 |  +1190.2276
   2.5050 |  1.26025 |  197.8306 |  4675.2124 |  +1197.9913
   2.5100 |  1.26037 |  197.5645 |  4681.6772 |  +1204.4561
   2.5150 |  1.26049 |  197.3957 |  4689.8465 |  +1212.6253
   2.5200 |  1.26060 |  197.2597 |  4696.6734 |  +1219.4523
   2.5250 |  1.26071 |  197.1084 |  4706.0049 |  +1228.7838
   2.5300 |  1.26082 |  197.0335 |  4713.8061 |  +1236.5849
   2.5350 |  1.26087 |  197.0966 |  4725.0255 |  +1247.8044
   2.5400 |  1.26098 |  197.0184 |  4733.1781 |  +1255.9569
   2.5450 |  1.26108 |  196.9483 |  4741.6746 |  +1264.4535
   2.5500 |  1.26118 |  196.8812 |  4749.8286 |  +1272.6075
   2.5550 |  1.26128 |  196.8784 |  4758.6362 |  +1281.4150
   2.5600 |  1.26137 |  196.8478 |  4767.5952 |  +1290.3741
   2.5650 |  1.26147 |  196.8820 |  4776.6616 |  +1299.4405
   2.5700 |  1.26156 |  196.8885 |  4786.0435 |  +1308.8223
   2.5750 |  1.26165 |  196.9402 |  4794.3187 |  +1317.0976
   2.5800 |  1.26173 |  196.9937 |  4803.4975 |  +1326.2764
   2.5850 |  1.26181 |  197.0779 |  4813.8531 |  +1336.6320
   2.5900 |  1.26189 |  197.1902 |  4824.5858 |  +1347.3646
   2.5950 |  1.26198 |  197.2739 |  4833.4612 |  +1356.2401
   2.6000 |  1.26200 |  197.5280 |  4846.5620 |  +1369.3409

========================================================================
FAZA 4: F(α) z FAR oknami — weryfikacja α*₁, α*₂
========================================================================
  Zmiany znaku F−R₂₁: [(np.float64(2.749999999999999), np.float64(2.799999999999999))]
  ✓ α* (F=R₂₁, FAR) = 2.753824881  F=206.767124 (R₂₁=206.7671)

========================================================================
PODSUMOWANIE ex96 — O-L5 (prawdziwe α*₃ z FAR oknami)
========================================================================
Czas całkowity: 597.4 s

  ⚠ Brak zera G₃=R₃₁ na α∈[2.5, 5.0] przy oknach FAR.
  Min G₃_far = 4667.45 przy α=2.500
  Max G₃_far = 21407.11 przy α=4.450
  R₃₁ = 3477.2211
  → G₃_far > R₃₁ wszędzie na [2.5, 5.0]
  → α*₃ nie istnieje w tym zakresie (lub metoda FAR nieodpowiednia)

  Weryfikacja R₃₁ = m_τ/m_e = {R31:.4f} (NIE czwarta potęga)
========================================================================
