========================================================================
p110: Szukanie α_K* s.t. E_kin^B / E_tot^B = 206.77
  RTOL=1e-09, N_EVAL=500
  Target ratio = 206.7683
========================================================================

[1] Weryfikacja przy α_K=8.5616 (seed K*₂=0.10040394, ψ₀=2.7624):
  K*₂=0.100403, ψ₀=2.7701, E_kin=233.1532, E_tot=1.2617, g_U=-1.348e-13, ratio=184.7924  (20.6s)

[2] Skan α_K ∈ [8.500, 8.710], krok=0.005:
       α_K         K*₂     ψ₀^B       E_kin      E_tot     ratio         g_U     dt
  -------------------------------------------------------------------------------------
    8.5000    0.121176   3.1291    286.5017     1.5227  188.1490  -1.666e-07  28.2s
    8.5050    0.119409   3.0985    281.9825     1.5005  187.9213   5.359e-12  27.0s
    8.5100    0.117656   3.0682    277.4966     1.4785  187.6865  -2.319e-12  26.8s
    8.5150    0.115918   3.0382    273.0439     1.4567  187.4445   6.354e-12  28.3s
    8.5200    0.114194   3.0084    268.6246     1.4350  187.1950  -9.482e-12  26.9s
    8.5250    0.112484   2.9788    264.2387     1.4135  186.9376   1.795e-12  27.1s
    8.5300    0.110788   2.9495    259.8861     1.3922  186.6723   7.875e-12  27.6s
    8.5350    0.109107   2.9205    255.5670     1.3711  186.3987   1.113e-11  27.5s
    8.5400    0.107440   2.8917    251.2814     1.3501  186.1165  -7.319e-12  26.6s
    8.5450    0.105787   2.8631    247.0293     1.3294  185.8255  -8.256e-12  27.3s
    8.5500    0.104149   2.8348    242.8107     1.3088  185.5254   1.987e-11  26.4s
    8.5550    0.102525   2.8067    238.6258     1.2884  185.2159  -1.499e-12  25.3s
    8.5600    0.100915   2.7789    234.4745     1.2681  184.8967   3.122e-12  26.8s
    8.5650    0.099320   2.7514    230.3568     1.2481  184.5675   6.706e-12  25.5s
    8.5700    0.097739   2.7240    226.2729     1.2282  184.2280  -1.898e-13  25.8s
    8.5750    0.096172   2.6970    222.2227     1.2085  183.8779  -2.844e-12  25.3s
    8.5800    0.094620   2.6701    218.2064     1.1890  183.5169   6.980e-12  27.1s
    8.5850    0.093082   2.6435    214.2238     1.1697  183.1445  -2.637e-13  25.3s
    8.5900    0.091558   2.6172    210.2752     1.1506  182.7605  -5.147e-12  26.2s
    8.5950    0.012376   1.2886      0.2572     0.1817    1.4159   1.682e-01  22.9s
    8.6000    0.010248   1.2408      0.1830     0.1288    1.4212   8.840e-11  6.7s
    8.6050    0.010244   1.2406      0.1839     0.1287    1.4282   1.489e-10  6.2s
    8.6100    0.010240   1.2405      0.1847     0.1287    1.4355   1.069e-10  7.0s
    8.6150    0.010236   1.2403      0.1856     0.1286    1.4430   8.700e-11  6.2s
    8.6200    0.010233   1.2402      0.1865     0.1286    1.4507   1.276e-11  6.9s
    8.6250    0.010229   1.2401      0.1875     0.1285    1.4587  -1.624e-10  7.0s
    8.6300    0.010225   1.2399      0.1885     0.1285    1.4670   3.086e-11  6.7s
    8.6350    0.010222   1.2398      0.1895     0.1285    1.4755   2.929e-11  6.9s
    8.6400    0.010218   1.2396      0.1906     0.1284    1.4843   5.638e-11  7.2s
    8.6450    0.010215   1.2395      0.1917     0.1284    1.4934  -4.359e-11  6.8s
    8.6500    0.010211   1.2394      0.1928     0.1283    1.5028  -2.874e-11  6.8s
    8.6550    0.010208   1.2392      0.1940     0.1283    1.5125  -1.059e-10  6.9s
    8.6600    0.010205   1.2391      0.1952     0.1282    1.5226   1.092e-10  6.4s
    8.6650    0.010201   1.2390      0.1965     0.1282    1.5330  -2.733e-12  7.4s
    8.6700    0.010198   1.2388      0.1978     0.1282    1.5438   1.104e-10  7.2s
    8.6750    0.010195   1.2387      0.1992     0.1281    1.5550   8.149e-12  6.7s
    8.6800    0.010192   1.2385      0.2006     0.1281    1.5665   1.206e-10  7.5s
    8.6850    0.010189   1.2384      0.2021     0.1280    1.5785   2.517e-10  6.8s
    8.6900    0.010186   1.2383      0.2036     0.1280    1.5910   7.124e-11  6.6s
    8.6950    0.010183   1.2381      0.2052     0.1280    1.6039   8.132e-11  6.5s
    8.7000    0.010180   1.2380      0.2069     0.1279    1.6173  -1.522e-10  6.9s
    8.7050    0.010178   1.2379      0.2086     0.1279    1.6312  -1.236e-10  7.1s
    8.7100    0.010175   1.2377      0.2104     0.1279    1.6456  -4.772e-11  6.8s

[3] Interpolacja: gdzie ratio = 206.7683:
  Brak przejścia przez 206.77 w przeskanowanym zakresie.
  Ekstrema ratio:
    min ratio = 1.4159 przy α_K=8.5950
    max ratio = 188.1490 przy α_K=8.5000

[5] TABELA: E_kin^B/E_tot^B vs α_K:
       α_K         K*₂       E_kin      E_tot     ratio   Δ_target%
  -----------------------------------------------------------------
    8.5000    0.121176    286.5017     1.5227  188.1490     -9.0049%
    8.5050    0.119409    281.9825     1.5005  187.9213     -9.1151%
    8.5100    0.117656    277.4966     1.4785  187.6865     -9.2286%
    8.5150    0.115918    273.0439     1.4567  187.4445     -9.3456%
    8.5200    0.114194    268.6246     1.4350  187.1950     -9.4663%
    8.5250    0.112484    264.2387     1.4135  186.9376     -9.5908%
    8.5300    0.110788    259.8861     1.3922  186.6723     -9.7191%
    8.5350    0.109107    255.5670     1.3711  186.3987     -9.8514%
    8.5400    0.107440    251.2814     1.3501  186.1165     -9.9879%
    8.5450    0.105787    247.0293     1.3294  185.8255    -10.1286%
    8.5500    0.104149    242.8107     1.3088  185.5254    -10.2738%
    8.5550    0.102525    238.6258     1.2884  185.2159    -10.4235%
    8.5600    0.100915    234.4745     1.2681  184.8967    -10.5778%
    8.5650    0.099320    230.3568     1.2481  184.5675    -10.7370%
    8.5700    0.097739    226.2729     1.2282  184.2280    -10.9012%
    8.5750    0.096172    222.2227     1.2085  183.8779    -11.0705%
    8.5800    0.094620    218.2064     1.1890  183.5169    -11.2452%
    8.5850    0.093082    214.2238     1.1697  183.1445    -11.4253%
    8.5900    0.091558    210.2752     1.1506  182.7605    -11.6110%
    8.5950    0.012376      0.2572     0.1817    1.4159    -99.3152%
    8.6000    0.010248      0.1830     0.1288    1.4212    -99.3127%
    8.6050    0.010244      0.1839     0.1287    1.4282    -99.3093%
    8.6100    0.010240      0.1847     0.1287    1.4355    -99.3058%
    8.6150    0.010236      0.1856     0.1286    1.4430    -99.3021%
    8.6200    0.010233      0.1865     0.1286    1.4507    -99.2984%
    8.6250    0.010229      0.1875     0.1285    1.4587    -99.2945%
    8.6300    0.010225      0.1885     0.1285    1.4670    -99.2905%
    8.6350    0.010222      0.1895     0.1285    1.4755    -99.2864%
    8.6400    0.010218      0.1906     0.1284    1.4843    -99.2821%
    8.6450    0.010215      0.1917     0.1284    1.4934    -99.2777%
    8.6500    0.010211      0.1928     0.1283    1.5028    -99.2732%
    8.6550    0.010208      0.1940     0.1283    1.5125    -99.2685%
    8.6600    0.010205      0.1952     0.1282    1.5226    -99.2636%
    8.6650    0.010201      0.1965     0.1282    1.5330    -99.2586%
    8.6700    0.010198      0.1978     0.1282    1.5438    -99.2534%
    8.6750    0.010195      0.1992     0.1281    1.5550    -99.2480%
    8.6800    0.010192      0.2006     0.1281    1.5665    -99.2424%
    8.6850    0.010189      0.2021     0.1280    1.5785    -99.2366%
    8.6900    0.010186      0.2036     0.1280    1.5910    -99.2306%
    8.6950    0.010183      0.2052     0.1280    1.6039    -99.2243%
    8.7000    0.010180      0.2069     0.1279    1.6173    -99.2178%
    8.7050    0.010178      0.2086     0.1279    1.6312    -99.2111%
    8.7100    0.010175      0.2104     0.1279    1.6456    -99.2041%

========================================================================
KONIEC p110

