  R31^(1/3)/π                    |   4.822374 |    -2.395523 |  -987090.8

  Liniowy fit m*(α) = -0.199406·α + 2.989326
  dm*/dα = -0.199406 (0 = stały mnożnik)

======================================================================
FAZA 5: Warunek G₃_far/F_far = R₃₂ — szukamy α*_τμ_far
======================================================================
  Skan G₃_far/F_far na α∈[2.4, 5.0], krok=0.05...

        α |     F_far |     G3_far |      G3/F |   G3/F-R32
  ------------------------------------------------------------
    2.400 |  216.7646 |  4534.8556 |   20.9206 |    +4.1036
    2.450 |  203.6319 |  4603.0480 |   22.6047 |    +5.7877
    2.500 |  198.1274 |  4667.4488 |   23.5578 |    +6.7407
    2.550 |  196.8812 |  4749.8286 |   24.1254 |    +7.3083
    2.600 |  197.5280 |  4846.5621 |   24.5361 |    +7.7190
    2.650 |  199.5278 |  4947.4862 |   24.7960 |    +7.9789
    2.700 |  202.7239 |  4961.6405 |   24.4749 |    +7.6578
    2.750 |  206.4832 |  5026.6699 |   24.3442 |    +7.5271
    2.800 |  210.7256 |  5142.8438 |   24.4054 |    +7.5883
    2.850 |  215.7220 |  5281.9019 |   24.4848 |    +7.6677
    2.900 |  221.2032 |  5443.2674 |   24.6075 |    +7.7905
    2.950 |  227.0713 |  5623.1847 |   24.7640 |    +7.9469
    3.000 |  233.1767 |  5818.8160 |   24.9545 |    +8.1374
    3.050 |  239.7621 |  6019.4428 |   25.1059 |    +8.2888
    3.100 |  246.5885 |  6218.4972 |   25.2181 |    +8.4010
    3.150 |  253.5150 |  6363.7795 |   25.1022 |    +8.2851
    3.200 |  260.7823 |  6546.8323 |   25.1046 |    +8.2875
    3.250 |  268.1603 |  6750.4958 |   25.1734 |    +8.3563
    3.300 |  275.6865 |  6957.6876 |   25.2377 |    +8.4206
    3.350 |  283.0949 |  7180.2950 |   25.3636 |    +8.5465
    3.400 |  290.3850 |  7423.5121 |   25.5644 |    +8.7473
    3.450 |  297.7513 |  7694.4541 |   25.8419 |    +9.0248
    3.500 |  304.6869 |  7934.5036 |   26.0415 |    +9.2244
    3.550 |  305.4430 |  8165.0947 |   26.7320 |    +9.9149
    3.600 |  309.3041 |  8374.2050 |   27.0743 |   +10.2573
    3.650 |  315.5408 |  8672.9301 |   27.4859 |   +10.6688
    3.700 |  322.8619 |  9011.8174 |   27.9123 |   +11.0952
    3.750 |  331.4507 |  9343.5213 |   28.1898 |   +11.3727
    3.800 |  340.8506 |  9687.4737 |   28.4215 |   +11.6044
    3.850 |  350.8512 | 10042.8105 |   28.6241 |   +11.8070
    3.900 |  361.2873 | 10384.9433 |   28.7443 |   +11.9272
    3.950 |  372.4610 |  9569.0915 |   25.6915 |    +8.8744
    4.000 |  384.0930 |  9907.4415 |   25.7944 |    +8.9773
    4.050 |  395.9662 | 11505.8862 |   29.0577 |   +12.2407
    4.100 |  408.0429 | 11761.9135 |   28.8252 |   +12.0081
    4.150 |  420.8334 | 12195.7613 |   28.9800 |   +12.1629
    4.200 |  433.9737 | 12729.6551 |   29.3328 |   +12.5157
    4.250 |  447.4623 | 13256.1161 |   29.6251 |   +12.8080
    4.300 |  461.1756 | 17385.5395 |   37.6983 |   +20.8812
    4.350 |  474.9346 | 19185.7481 |   40.3966 |   +23.5795
    4.400 |  489.7047 | 20920.9034 |   42.7215 |   +25.9044
    4.450 |  504.8056 | 21407.1065 |   42.4066 |   +25.5895
    4.500 |  519.6161 | 21023.4183 |   40.4595 |   +23.6424
    4.550 |  534.7877 | 20212.6560 |   37.7957 |   +20.9786
    4.600 |  549.8810 | 19060.9898 |   34.6638 |   +17.8468
    4.650 |  555.7636 | 17734.0902 |   31.9094 |   +15.0923
    4.700 |  568.5702 | 16367.1901 |   28.7866 |   +11.9695
    4.750 |  583.5468 | 15379.4282 |   26.3551 |    +9.5380
    4.800 |  599.7356 | 13810.8427 |   23.0282 |    +6.2111
    4.850 |  616.7331 | 12819.9685 |   20.7869 |    +3.9698
    4.900 |  634.7834 | 12607.0857 |   19.8605 |    +3.0434
    4.950 |  653.4779 | 12695.9668 |   19.4283 |    +2.6112
    5.000 |  671.8053 | 13177.3575 |   19.6148 |    +2.7978

  Brak zmiany znaku G₃/F−R₃₂ na [2.4,5.0].
  Min |G₃/F−R₃₂|: α=4.950, G₃/F=19.4283 (R₃₂=16.8171)

======================================================================
PODSUMOWANIE ex98 — Mnożnik m* dla sektora τ
======================================================================
Czas: 853.2 s

  α*₁_far = 2.4360112
  α*₂_far = 2.7538249
  S₂_far  = 5.1898360
  m*(mean)= 2.4268514 ± 0.0608122
  Wartość m* = zależy od α
======================================================================
