# OP-6 / M3-a block-RG bond-form test of H_1 in 1D
# N = 4096, lam = 1.0, J = 1.0
# beta_list = [0.3, 0.5, 0.7, 1.0, 1.5, 2.0, 3.0]
# m2_list = [-1.0, 0.0, 1.0, 2.0, 3.0]
# block_sizes = [1, 2, 4, 8, 16]

# Block size B = 1
# beta   m2      <Phi_B>   chi_B     xi2_B     K_B       K_err
  3.0000e-01  -1.0000e+00  1.9741e+00  4.1613e+00  1.2514e+03  3.0072e+02  1.8691e+02
  3.0000e-01  0.0000e+00  1.4717e+00  2.6914e+00  7.9295e+02  2.9463e+02  2.1894e+02
  3.0000e-01  1.0000e+00  1.1383e+00  1.8218e+00  8.4734e+01  4.6512e+01  2.1937e+02
  3.0000e-01  2.0000e+00  9.1015e-01         nan         nan         nan         nan
  3.0000e-01  3.0000e+00  7.4960e-01  9.5142e-01  1.5529e+03  1.6322e+03  5.7036e+02
  5.0000e-01  -1.0000e+00  2.0196e+00         nan         nan         nan         nan
  5.0000e-01  0.0000e+00  1.3021e+00         nan         nan         nan         nan
  5.0000e-01  1.0000e+00  8.9869e-01         nan         nan         nan         nan
  5.0000e-01  2.0000e+00  6.6507e-01  7.1652e-01  2.8029e+02  3.9118e+02  1.0289e+03
  5.0000e-01  3.0000e+00  5.2028e-01  4.7161e-01  1.0279e+03  2.1795e+03  7.3049e+02
  7.0000e-01  -1.0000e+00  2.2265e+00  3.3787e+00  7.2145e+02  2.1353e+02  2.2638e+02
  7.0000e-01  0.0000e+00  1.2687e+00  2.0308e+00  2.8452e+02  1.4010e+02  1.2681e+02
  7.0000e-01  1.0000e+00  7.8159e-01  9.4711e-01  7.8701e+02  8.3096e+02  6.5537e+02
  7.0000e-01  2.0000e+00  5.3976e-01         nan         nan         nan         nan
  7.0000e-01  3.0000e+00  4.0505e-01  2.9523e-01  3.4099e+02  1.1550e+03  1.2582e+03
  1.0000e+00  -1.0000e+00  2.5443e+00  2.6098e+00  8.6946e+02  3.3316e+02  5.5905e+02
  1.0000e+00  0.0000e+00  1.3307e+00         nan         nan         nan         nan
  1.0000e+00  1.0000e+00  6.8955e-01         nan         nan         nan         nan
  1.0000e+00  2.0000e+00  4.3163e-01         nan         nan         nan         nan
  1.0000e+00  3.0000e+00  3.0764e-01         nan         nan         nan         nan
  1.5000e+00  -1.0000e+00  2.7562e+00  1.6356e+00  2.4369e+03  1.4899e+03  6.3002e+02
  1.5000e+00  0.0000e+00  1.5368e+00  1.7503e+00  1.8649e+03  1.0655e+03  5.8628e+02
  1.5000e+00  1.0000e+00  6.2662e-01         nan         nan         nan         nan
  1.5000e+00  2.0000e+00  3.3293e-01         nan         nan         nan         nan
  1.5000e+00  3.0000e+00  2.2234e-01  9.8814e-02  5.3437e+01  5.4079e+02  3.4633e+03
  2.0000e+00  -1.0000e+00  2.8018e+00         nan         nan         nan         nan
  2.0000e+00  0.0000e+00  1.7151e+00  1.2981e+00  1.0413e+03  8.0222e+02  6.5398e+02
  2.0000e+00  1.0000e+00  6.1218e-01         nan         nan         nan         nan
  2.0000e+00  2.0000e+00  2.7760e-01  1.6340e-01  8.4565e+02  5.1754e+03  3.1574e+03
  2.0000e+00  3.0000e+00  1.7540e-01  6.2875e-02  2.8480e+02  4.5297e+03  1.2980e+04
  3.0000e+00  -1.0000e+00  2.8459e+00         nan         nan         nan         nan
  3.0000e+00  0.0000e+00  1.8262e+00  8.0495e-01  1.9382e+03  2.4079e+03  1.6010e+03
  3.0000e+00  1.0000e+00  6.5060e-01  6.5607e-01  3.2964e+02  5.0245e+02  9.1848e+02
  3.0000e+00  2.0000e+00  2.1307e-01         nan         nan         nan         nan
  3.0000e+00  3.0000e+00  1.2423e-01  3.3392e-02  3.4941e+01  1.0464e+03  7.6316e+03
# B = 1 fit: K_B = 6.4291e+02 * <Phi_B>^-0.5391 ± 0.2692  (n = 20)

# Block size B = 2
# beta   m2      <Phi_B>   chi_B     xi2_B     K_B       K_err
  3.0000e-01  -1.0000e+00  1.9741e+00  2.0806e+00  3.1264e+02  1.5026e+02  9.3380e+01
  3.0000e-01  0.0000e+00  1.4717e+00  1.3457e+00  1.9757e+02  1.4682e+02  1.0957e+02
  3.0000e-01  1.0000e+00  1.1383e+00  9.1089e-01  2.1480e+01  2.3581e+01  1.0980e+02
  3.0000e-01  2.0000e+00  9.1015e-01         nan         nan         nan         nan
  3.0000e-01  3.0000e+00  7.4960e-01  4.7572e-01  3.8850e+02  8.1666e+02  2.8572e+02
  5.0000e-01  -1.0000e+00  2.0196e+00         nan         nan         nan         nan
  5.0000e-01  0.0000e+00  1.3021e+00         nan         nan         nan         nan
  5.0000e-01  1.0000e+00  8.9869e-01         nan         nan         nan         nan
  5.0000e-01  2.0000e+00  6.6507e-01  3.5826e-01  7.0223e+01  1.9601e+02  5.1364e+02
  5.0000e-01  3.0000e+00  5.2028e-01  2.3580e-01  2.5683e+02  1.0892e+03  3.6478e+02
  7.0000e-01  -1.0000e+00  2.2265e+00  1.6893e+00  1.8044e+02  1.0681e+02  1.1319e+02
  7.0000e-01  0.0000e+00  1.2687e+00  1.0154e+00  7.0852e+01  6.9777e+01  6.3422e+01
  7.0000e-01  1.0000e+00  7.8159e-01  4.7355e-01  1.9651e+02  4.1496e+02  3.2747e+02
  7.0000e-01  2.0000e+00  5.3976e-01         nan         nan         nan         nan
  7.0000e-01  3.0000e+00  4.0505e-01  1.4762e-01  8.5648e+01  5.8020e+02  9.7584e+02
  1.0000e+00  -1.0000e+00  2.5443e+00  1.3049e+00  2.1695e+02  1.6626e+02  2.7940e+02
  1.0000e+00  0.0000e+00  1.3307e+00         nan         nan         nan         nan
  1.0000e+00  1.0000e+00  6.8955e-01         nan         nan         nan         nan
  1.0000e+00  2.0000e+00  4.3163e-01         nan         nan         nan         nan
  1.0000e+00  3.0000e+00  3.0764e-01         nan         nan         nan         nan
  1.5000e+00  -1.0000e+00  2.7562e+00  8.1782e-01  6.0961e+02  7.4541e+02  3.1520e+02
  1.5000e+00  0.0000e+00  1.5368e+00  8.7515e-01  4.6643e+02  5.3297e+02  2.9330e+02
  1.5000e+00  1.0000e+00  6.2662e-01         nan         nan         nan         nan
  1.5000e+00  2.0000e+00  3.3293e-01         nan         nan         nan         nan
  1.5000e+00  3.0000e+00  2.2234e-01  4.9407e-02  1.3623e+01  2.7572e+02  1.7341e+03
  2.0000e+00  -1.0000e+00  2.8018e+00         nan         nan         nan         nan
  2.0000e+00  0.0000e+00  1.7151e+00  6.4903e-01  2.5993e+02  4.0049e+02  3.2710e+02
  2.0000e+00  1.0000e+00  6.1218e-01         nan         nan         nan         nan
  2.0000e+00  2.0000e+00  2.7760e-01  8.1700e-02  2.1079e+02  2.5800e+03  1.5769e+03
  2.0000e+00  3.0000e+00  1.7540e-01  3.1438e-02  7.0660e+01  2.2476e+03  6.4836e+03
  3.0000e+00  -1.0000e+00  2.8459e+00         nan         nan         nan         nan
  3.0000e+00  0.0000e+00  1.8262e+00  4.0248e-01  4.8490e+02  1.2048e+03  8.0039e+02
  3.0000e+00  1.0000e+00  6.5060e-01  3.2804e-01  8.2645e+01  2.5194e+02  4.5882e+02
  3.0000e+00  2.0000e+00  2.1307e-01         nan         nan         nan         nan
  3.0000e+00  3.0000e+00  1.2423e-01  1.6696e-02  9.1607e+00  5.4868e+02  3.8027e+03
# B = 2 fit: K_B = 3.2218e+02 * <Phi_B>^-0.5456 ± 0.2680  (n = 20)

# Block size B = 4
# beta   m2      <Phi_B>   chi_B     xi2_B     K_B       K_err
  3.0000e-01  -1.0000e+00  1.9741e+00  1.0403e+00  7.8212e+01  7.5181e+01  4.6750e+01
  3.0000e-01  0.0000e+00  1.4717e+00  6.7285e-01  4.9302e+01  7.3274e+01  5.4666e+01
  3.0000e-01  1.0000e+00  1.1383e+00  4.5545e-01  5.2866e+00  1.1608e+01  4.1209e+01
  3.0000e-01  2.0000e+00  9.1015e-01         nan         nan         nan         nan
  3.0000e-01  3.0000e+00  7.4960e-01  2.3785e-01  9.7012e+01  4.0787e+02  1.4266e+02
  5.0000e-01  -1.0000e+00  2.0196e+00         nan         nan         nan         nan
  5.0000e-01  0.0000e+00  1.3021e+00         nan         nan         nan         nan
  5.0000e-01  1.0000e+00  8.9869e-01         nan         nan         nan         nan
  5.0000e-01  2.0000e+00  6.6507e-01  1.7914e-01  1.8058e+01  1.0080e+02  2.5705e+02
  5.0000e-01  3.0000e+00  5.2028e-01  1.1790e-01  6.4273e+01  5.4513e+02  1.8296e+02
  7.0000e-01  -1.0000e+00  2.2265e+00  8.4469e-01  4.5184e+01  5.3492e+01  5.6742e+01
  7.0000e-01  0.0000e+00  1.2687e+00  5.0770e-01  1.7698e+01  3.4859e+01  3.1638e+01
  7.0000e-01  1.0000e+00  7.8159e-01  2.3678e-01  4.9349e+01  2.0842e+02  1.6333e+02
  7.0000e-01  2.0000e+00  5.3976e-01         nan         nan         nan         nan
  7.0000e-01  3.0000e+00  4.0505e-01  7.3801e-02  2.1232e+01  2.8770e+02  3.1468e+02
  1.0000e+00  -1.0000e+00  2.5443e+00  6.5245e-01  5.4418e+01  8.3405e+01  1.3968e+02
  1.0000e+00  0.0000e+00  1.3307e+00         nan         nan         nan         nan
  1.0000e+00  1.0000e+00  6.8955e-01         nan         nan         nan         nan
  1.0000e+00  2.0000e+00  4.3163e-01         nan         nan         nan         nan
  1.0000e+00  3.0000e+00  3.0764e-01         nan         nan         nan         nan
  1.5000e+00  -1.0000e+00  2.7562e+00  4.0891e-01  1.5208e+02  3.7192e+02  1.5734e+02
  1.5000e+00  0.0000e+00  1.5368e+00  4.3759e-01  1.1702e+02  2.6742e+02  1.4693e+02
  1.5000e+00  1.0000e+00  6.2662e-01         nan         nan         nan         nan
  1.5000e+00  2.0000e+00  3.3293e-01         nan         nan         nan         nan
  1.5000e+00  3.0000e+00  2.2234e-01  2.4703e-02  3.1787e+00  1.2867e+02  8.7482e+02
  2.0000e+00  -1.0000e+00  2.8018e+00         nan         nan         nan         nan
  2.0000e+00  0.0000e+00  1.7151e+00  3.2453e-01  6.5239e+01  2.0103e+02  1.6357e+02
  2.0000e+00  1.0000e+00  6.1218e-01         nan         nan         nan         nan
  2.0000e+00  2.0000e+00  2.7760e-01  4.0849e-02  5.2376e+01  1.2822e+03  7.8671e+02
  2.0000e+00  3.0000e+00  1.7540e-01  1.5718e-02  1.7757e+01  1.1297e+03  3.2403e+03
  3.0000e+00  -1.0000e+00  2.8459e+00         nan         nan         nan         nan
  3.0000e+00  0.0000e+00  1.8262e+00  2.0124e-01  1.2099e+02  6.0122e+02  3.9989e+02
  3.0000e+00  1.0000e+00  6.5060e-01  1.6401e-01  2.0550e+01  1.2529e+02  2.2943e+02
  3.0000e+00  2.0000e+00  2.1307e-01         nan         nan         nan         nan
  3.0000e+00  3.0000e+00  1.2423e-01  8.3475e-03  2.1280e+00  2.5493e+02  1.9027e+03
# B = 4 fit: K_B = 1.6044e+02 * <Phi_B>^-0.5316 ± 0.2697  (n = 20)

# Block size B = 8
# beta   m2      <Phi_B>   chi_B     xi2_B     K_B       K_err
  3.0000e-01  -1.0000e+00  1.9741e+00  5.2014e-01  1.9442e+01  3.7378e+01  2.3434e+01
  3.0000e-01  0.0000e+00  1.4717e+00  3.3648e-01  1.2460e+01  3.7031e+01  2.7409e+01
  3.0000e-01  1.0000e+00  1.1383e+00  2.2770e-01  1.3163e+00  5.7810e+00  2.0784e+01
  3.0000e-01  2.0000e+00  9.1015e-01         nan         nan         nan         nan
  3.0000e-01  3.0000e+00  7.4960e-01  1.1892e-01  2.4211e+01  2.0358e+02  7.1219e+01
  5.0000e-01  -1.0000e+00  2.0196e+00         nan         nan         nan         nan
  5.0000e-01  0.0000e+00  1.3021e+00         nan         nan         nan         nan
  5.0000e-01  1.0000e+00  8.9869e-01         nan         nan         nan         nan
  5.0000e-01  2.0000e+00  6.6507e-01  8.9567e-02  4.4619e+00  4.9817e+01  1.2902e+02
  5.0000e-01  3.0000e+00  5.2028e-01  5.8953e-02  1.5949e+01  2.7054e+02  9.1237e+01
  7.0000e-01  -1.0000e+00  2.2265e+00  4.2235e-01  1.1206e+01  2.6533e+01  2.8286e+01
  7.0000e-01  0.0000e+00  1.2687e+00  2.5386e-01  4.3184e+00  1.7011e+01  1.5698e+01
  7.0000e-01  1.0000e+00  7.8159e-01  1.1838e-01  1.2123e+01  1.0240e+02  8.1169e+01
  7.0000e-01  2.0000e+00  5.3976e-01         nan         nan         nan         nan
  7.0000e-01  3.0000e+00  4.0505e-01  3.6905e-02  5.5225e+00  1.4964e+02  2.4270e+02
  1.0000e+00  -1.0000e+00  2.5443e+00  3.2622e-01  1.3594e+01  4.1672e+01  6.9790e+01
  1.0000e+00  0.0000e+00  1.3307e+00         nan         nan         nan         nan
  1.0000e+00  1.0000e+00  6.8955e-01         nan         nan         nan         nan
  1.0000e+00  2.0000e+00  4.3163e-01         nan         nan         nan         nan
  1.0000e+00  3.0000e+00  3.0764e-01         nan         nan         nan         nan
  1.5000e+00  -1.0000e+00  2.7562e+00  2.0447e-01  3.7960e+01  1.8565e+02  7.7972e+01
  1.5000e+00  0.0000e+00  1.5368e+00  2.1882e-01  2.9264e+01  1.3374e+02  7.3666e+01
  1.5000e+00  1.0000e+00  6.2662e-01         nan         nan         nan         nan
  1.5000e+00  2.0000e+00  3.3293e-01         nan         nan         nan         nan
  1.5000e+00  3.0000e+00  2.2234e-01  1.2351e-02  8.3570e-01  6.7661e+01  4.3809e+02
  2.0000e+00  -1.0000e+00  2.8018e+00         nan         nan         nan         nan
  2.0000e+00  0.0000e+00  1.7151e+00  1.6228e-01  1.6522e+01  1.0181e+02  8.2442e+01
  2.0000e+00  1.0000e+00  6.1218e-01         nan         nan         nan         nan
  2.0000e+00  2.0000e+00  2.7760e-01  2.0422e-02  1.2934e+01  6.3330e+02  3.9662e+02
  2.0000e+00  3.0000e+00  1.7540e-01  7.8583e-03  4.1792e+00  5.3182e+02  1.6227e+03
  3.0000e+00  -1.0000e+00  2.8459e+00         nan         nan         nan         nan
  3.0000e+00  0.0000e+00  1.8262e+00  1.0061e-01  3.0111e+01  2.9927e+02  1.9940e+02
  3.0000e+00  1.0000e+00  6.5060e-01  8.2011e-02  5.3483e+00  6.5214e+01  1.4749e+02
  3.0000e+00  2.0000e+00  2.1307e-01         nan         nan         nan         nan
  3.0000e+00  3.0000e+00  1.2423e-01  4.1737e-03  5.0423e-01  1.2081e+02  9.4887e+02
# B = 8 fit: K_B = 8.0072e+01 * <Phi_B>^-0.5257 ± 0.2689  (n = 20)

# Block size B = 16
# beta   m2      <Phi_B>   chi_B     xi2_B     K_B       K_err
  3.0000e-01  -1.0000e+00  1.9741e+00  2.5998e-01  4.7938e+00  1.8439e+01  1.1652e+01
  3.0000e-01  0.0000e+00  1.4717e+00  1.6827e-01  3.1749e+00  1.8868e+01  1.3909e+01
  3.0000e-01  1.0000e+00  1.1383e+00  1.1384e-01  2.8854e-01  2.5347e+00  1.0416e+01
  3.0000e-01  2.0000e+00  9.1015e-01         nan         nan         nan         nan
  3.0000e-01  3.0000e+00  7.4960e-01  5.9455e-02  6.0110e+00  1.0110e+02  3.5250e+01
  5.0000e-01  -1.0000e+00  2.0196e+00         nan         nan         nan         nan
  5.0000e-01  0.0000e+00  1.3021e+00         nan         nan         nan         nan
  5.0000e-01  1.0000e+00  8.9869e-01         nan         nan         nan         nan
  5.0000e-01  2.0000e+00  6.6507e-01  4.4779e-02  1.1682e+00  2.6087e+01  6.5978e+01
  5.0000e-01  3.0000e+00  5.2028e-01  2.9474e-02  4.0797e+00  1.3842e+02  4.5747e+01
  7.0000e-01  -1.0000e+00  2.2265e+00  2.1117e-01  2.8151e+00  1.3331e+01  1.4174e+01
  7.0000e-01  0.0000e+00  1.2687e+00  1.2691e-01  1.0774e+00  8.4898e+00  7.9535e+00
  7.0000e-01  1.0000e+00  7.8159e-01  5.9178e-02  2.9858e+00  5.0455e+01  4.0634e+01
  7.0000e-01  2.0000e+00  5.3976e-01         nan         nan         nan         nan
  7.0000e-01  3.0000e+00  4.0505e-01  1.8453e-02  1.3917e+00  7.5417e+01  1.2097e+02
  1.0000e+00  -1.0000e+00  2.5443e+00  1.6311e-01  3.4452e+00  2.1122e+01  3.4661e+01
  1.0000e+00  0.0000e+00  1.3307e+00         nan         nan         nan         nan
  1.0000e+00  1.0000e+00  6.8955e-01         nan         nan         nan         nan
  1.0000e+00  2.0000e+00  4.3163e-01         nan         nan         nan         nan
  1.0000e+00  3.0000e+00  3.0764e-01         nan         nan         nan         nan
  1.5000e+00  -1.0000e+00  2.7562e+00  1.0226e-01  9.6346e+00  9.4216e+01  3.9484e+01
  1.5000e+00  0.0000e+00  1.5368e+00  1.0942e-01  7.3837e+00  6.7481e+01  3.7188e+01
  1.5000e+00  1.0000e+00  6.2662e-01         nan         nan         nan         nan
  1.5000e+00  2.0000e+00  3.3293e-01         nan         nan         nan         nan
  1.5000e+00  3.0000e+00  2.2234e-01  6.1747e-03  1.4400e-01  2.3321e+01  2.1658e+02
  2.0000e+00  -1.0000e+00  2.8018e+00         nan         nan         nan         nan
  2.0000e+00  0.0000e+00  1.7151e+00  8.1178e-02  4.3411e+00  5.3476e+01  4.1525e+01
  2.0000e+00  1.0000e+00  6.1218e-01         nan         nan         nan         nan
  2.0000e+00  2.0000e+00  2.7760e-01  1.0211e-02  3.2661e+00  3.1985e+02  2.0159e+02
  2.0000e+00  3.0000e+00  1.7540e-01  3.9290e-03  1.0335e+00  2.6305e+02  8.1560e+02
  3.0000e+00  -1.0000e+00  2.8459e+00         nan         nan         nan         nan
  3.0000e+00  0.0000e+00  1.8262e+00  5.0310e-02  7.5568e+00  1.5020e+02  1.0019e+02
  3.0000e+00  1.0000e+00  6.5060e-01  4.0993e-02  1.2723e+00  3.1036e+01  5.7339e+01
  3.0000e+00  2.0000e+00  2.1307e-01         nan         nan         nan         nan
  3.0000e+00  3.0000e+00  1.2423e-01  2.0869e-03  1.6412e-01  7.8639e+01  4.6324e+02
# B = 16 fit: K_B = 3.9776e+01 * <Phi_B>^-0.5244 ± 0.2774  (n = 20)

# Verdict: UNCLEAR
